10
100
207.22 789.80 1.00
-25.11 -820.53 1.00
-995.25 322.52 1.00
414.23 -599.79 1.00
-915.55 -74.34 1.00
-918.32 -570.40 1.00
918.94 -384.78 1.00
539.02 655.29 1.00
-586.92 634.35 1.00
158.40 -380.94 1.00
-422.57 588.83 1.00
944.03 977.53 1.00
720.59 16.16 1.00
856.81 357.53 1.00
-361.96 -439.95 1.00
-624.68 101.75 1.00
109.68 339.71 1.00
-274.44 187.80 1.00
-765.71 -452.18 1.00
-509.12 -183.40 1.00
-417.95 939.07 1.00
385.25 -209.39 1.00
-0.31 -867.97 1.00
403.66 -460.56 1.00
286.77 -58.45 1.00
-947.75 -28.91 1.00
920.30 -666.64 1.00
602.38 138.43 1.00
42.09 736.11 1.00
414.22 386.36 1.00
622.40 -759.88 1.00
-896.20 -866.88 1.00
-615.50 -385.22 1.00
-702.18 -925.63 1.00
-164.26 -253.85 1.00
-834.32 -66.32 1.00
621.53 852.35 1.00
766.00 -975.90 1.00
0.68 -441.08 1.00
-851.91 839.76 1.00
293.80 489.91 1.00
82.15 -800.37 1.00
688.21 -596.24 1.00
-916.80 259.46 1.00
819.06 -793.36 1.00
1.56 541.63 1.00
697.81 419.84 1.00
-257.65 -452.89 1.00
702.29 -629.03 1.00
788.46 32.59 1.00
-125.83 875.81 1.00
-639.31 -684.91 1.00
869.80 591.60 1.00
437.06 -575.96 1.00
904.49 442.98 1.00
587.33 -338.72 1.00
139.47 -70.71 1.00
370.14 955.45 1.00
-524.90 867.18 1.00
-918.89 521.90 1.00
-827.15 619.02 1.00
-152.51 508.54 1.00
-583.03 -942.51 1.00
81.30 677.82 1.00
-215.29 29.34 1.00
-386.61 -102.06 1.00
-775.81 -289.52 1.00
-180.50 -777.35 1.00
270.69 -193.04 1.00
825.14 694.67 1.00
743.62 810.37 1.00
-253.63 -861.93 1.00
-676.49 -341.09 1.00
-995.92 -776.40 1.00
-536.68 718.81 1.00
-320.43 49.51 1.00
-607.29 542.81 1.00
746.24 -902.93 1.00
802.13 594.39 1.00
709.39 -169.09 1.00
-897.89 321.23 1.00
77.00 798.59 1.00
857.77 -766.07 1.00
-991.85 803.69 1.00
808.90 -672.49 1.00
647.26 -192.66 1.00
673.80 -297.60 1.00
836.54 -685.04 1.00
-194.52 248.71 1.00
-512.25 -811.37 1.00
-967.04 -341.97 1.00
-636.07 389.81 1.00
-622.31 306.54 1.00
-225.73 -12.62 1.00
401.17 995.34 1.00
618.73 298.85 1.00
1.82 959.84 1.00
359.79 452.57 1.00
873.65 -433.65 1.00
792.52 -466.14 1.00
100
-898.53 609.79 1.00
-781.44 983.62 1.00
285.66 493.41 1.00
-407.59 547.47 1.00
-528.62 7.06 1.00
-605.91 66.75 1.00
93.05 -355.12 1.00
946.72 853.45 1.00
381.34 -375.31 1.00
293.61 -380.76 1.00
405.61 -409.51 1.00
-689.61 -759.36 1.00
-195.16 -433.87 1.00
277.02 223.52 1.00
146.07 125.92 1.00
-767.01 357.70 1.00
-138.34 -304.39 1.00
-124.77 646.67 1.00
-816.80 863.71 1.00
-626.33 967.92 1.00
-961.84 335.66 1.00
450.79 -73.53 1.00
415.22 342.92 1.00
-647.55 378.53 1.00
276.57 -295.27 1.00
671.73 916.09 1.00
-686.32 -545.68 1.00
-678.86 883.11 1.00
-755.93 -934.38 1.00
-338.39 17.17 1.00
139.08 -975.68 1.00
954.77 -121.56 1.00
-390.53 -731.02 1.00
721.81 273.18 1.00
558.80 696.64 1.00
-114.34 850.44 1.00
751.90 785.05 1.00
-306.25 994.51 1.00
-513.65 -983.54 1.00
965.28 -578.00 1.00
170.00 -544.60 1.00
-820.32 -141.33 1.00
-139.31 -253.88 1.00
871.08 235.25 1.00
333.29 297.99 1.00
-781.50 -39.16 1.00
-16.90 901.20 1.00
714.62 -662.09 1.00
-349.86 -52.73 1.00
-753.96 -932.79 1.00
-753.57 -894.54 1.00
277.95 -209.37 1.00
899.62 229.29 1.00
-179.24 202.68 1.00
-704.33 188.68 1.00
348.67 -940.80 1.00
27.26 404.37 1.00
733.73 -313.93 1.00
-877.90 -630.95 1.00
93.79 -355.01 1.00
-370.79 134.70 1.00
465.46 919.83 1.00
-420.52 615.35 1.00
-528.65 -992.30 1.00
598.45 451.22 1.00
985.91 -758.38 1.00
-597.94 -835.26 1.00
159.54 177.97 1.00
-610.88 -385.97 1.00
-786.62 426.11 1.00
-123.65 -521.64 1.00
-634.70 621.81 1.00
740.53 -725.73 1.00
993.02 -648.33 1.00
-233.15 959.41 1.00
-95.10 -517.74 1.00
389.44 985.65 1.00
647.27 -243.44 1.00
-463.41 547.11 1.00
662.75 500.17 1.00
826.78 -885.35 1.00
-677.88 -842.11 1.00
751.50 917.15 1.00
-813.92 724.02 1.00
-31.71 133.41 1.00
72.99 -298.74 1.00
649.79 479.42 1.00
817.43 -30.07 1.00
151.34 -845.48 1.00
538.66 633.38 1.00
-421.68 980.63 1.00
-517.66 -293.17 1.00
-339.24 114.32 1.00
480.68 411.79 1.00
-19.30 863.86 1.00
-557.30 -566.23 1.00
30.29 -328.00 1.00
162.92 693.25 1.00
-366.25 -27.58 1.00
688.06 -129.53 1.00
100
733.68 250.72 1.00
343.23 -510.87 1.00
406.41 500.30 1.00
111.58 92.40 1.00
-53.16 -532.98 1.00
536.16 -213.16 1.00
-875.50 217.73 1.00
-477.06 587.79 1.00
-391.66 486.17 1.00
785.65 290.70 1.00
371.99 -603.76 1.00
-428.15 365.34 1.00
-137.53 -122.99 1.00
177.65 997.78 1.00
214.28 503.79 1.00
651.94 400.21 1.00
-394.19 -3.03 1.00
922.47 476.51 1.00
-730.27 674.30 1.00
807.21 -3.62 1.00
537.98 701.03 1.00
-286.91 -935.08 1.00
-936.36 -893.06 1.00
283.10 315.01 1.00
283.41 -750.29 1.00
-568.02 -763.84 1.00
-852.23 -608.45 1.00
-601.50 -709.74 1.00
84.08 -883.77 1.00
-496.86 -429.88 1.00
199.16 -847.45 1.00
840.08 310.18 1.00
-198.80 -323.16 1.00
-642.53 -608.05 1.00
481.05 -310.65 1.00
-414.02 468.40 1.00
-670.44 283.69 1.00
-416.84 421.65 1.00
-160.33 238.36 1.00
-347.38 587.73 1.00
310.36 -396.06 1.00
-953.72 -815.37 1.00
-441.84 -250.18 1.00
-805.26 121.27 1.00
917.56 -809.61 1.00
-302.86 199.58 1.00
-253.66 14.09 1.00
184.02 -499.83 1.00
291.60 -54.40 1.00
101.55 -191.28 1.00
-139.18 -980.76 1.00
-979.25 -68.25 1.00
-700.04 -576.24 1.00
528.85 475.49 1.00
-759.07 350.99 1.00
-599.89 -96.45 1.00
722.62 37.33 1.00
-287.48 246.80 1.00
673.03 -592.77 1.00
-111.80 -494.02 1.00
-114.10 -278.93 1.00
-917.30 -753.36 1.00
80.38 776.47 1.00
-652.29 719.57 1.00
-666.02 108.34 1.00
634.44 -137.52 1.00
-650.91 751.40 1.00
-746.31 940.12 1.00
-108.20 -317.44 1.00
-865.67 -775.01 1.00
-713.84 -401.65 1.00
-41.50 -485.34 1.00
-302.21 95.63 1.00
351.49 -113.75 1.00
-275.08 -479.93 1.00
664.03 47.62 1.00
709.01 -565.49 1.00
-232.01 -489.76 1.00
20.44 -714.23 1.00
-898.94 -641.90 1.00
-812.84 -682.03 1.00
388.55 -481.24 1.00
-241.15 -935.85 1.00
385.78 659.04 1.00
-529.11 233.96 1.00
-149.44 700.53 1.00
-860.12 765.19 1.00
9.60 -773.03 1.00
-267.69 564.55 1.00
980.86 37.51 1.00
-841.53 -490.42 1.00
-787.22 -4.27 1.00
914.51 54.77 1.00
-614.54 -529.24 1.00
360.48 741.28 1.00
524.07 -102.93 1.00
491.49 912.33 1.00
-646.91 375.63 1.00
175.90 190.91 1.00
-734.26 990.05 1.00
100
547.42 268.67 1.00
-332.83 128.68 1.00
401.46 419.94 1.00
807.13 -560.12 1.00
270.25 -110.18 1.00
-558.21 22.26 1.00
928.97 -100.40 1.00
-977.81 443.86 1.00
380.89 -729.49 1.00
-806.64 -764.29 1.00
-876.21 -783.72 1.00
363.28 906.76 1.00
793.51 312.22 1.00
-170.88 674.71 1.00
727.50 353.08 1.00
3.59 190.04 1.00
-64.91 -762.63 1.00
438.66 -937.23 1.00
-384.62 334.96 1.00
-915.54 95.32 1.00
597.35 73.03 1.00
-137.19 -485.32 1.00
-71.23 -578.08 1.00
560.64 -484.08 1.00
90.99 182.21 1.00
254.96 328.24 1.00
-61.77 -35.32 1.00
943.35 -335.17 1.00
-403.55 248.52 1.00
446.62 -520.20 1.00
-974.56 161.23 1.00
993.46 -426.12 1.00
308.52 -748.57 1.00
-472.47 -935.02 1.00
477.53 -624.63 1.00
-498.52 234.37 1.00
-218.08 30.22 1.00
583.24 920.44 1.00
-28.28 394.77 1.00
797.23 -82.61 1.00
-781.83 81.18 1.00
312.93 -904.90 1.00
-458.07 -195.87 1.00
750.38 359.59 1.00
323.20 -625.14 1.00
-9.74 2.82 1.00
486.91 797.53 1.00
-624.08 -79.88 1.00
878.90 455.69 1.00
271.62 883.46 1.00
995.55 347.75 1.00
993.78 -603.00 1.00
-707.02 -479.38 1.00
14.88 508.56 1.00
-70.05 -880.26 1.00
715.95 -371.03 1.00
-359.90 -661.95 1.00
-26.30 840.27 1.00
-225.75 -925.91 1.00
-955.31 473.74 1.00
582.15 534.03 1.00
-743.74 -544.23 1.00
-806.07 406.75 1.00
270.33 243.00 1.00
748.52 30.05 1.00
213.31 73.34 1.00
968.33 -224.78 1.00
201.79 697.78 1.00
-545.91 392.67 1.00
612.50 691.45 1.00
-898.32 431.04 1.00
-507.15 163.20 1.00
-859.06 -395.93 1.00
-670.98 -552.33 1.00
750.68 89.83 1.00
561.52 807.65 1.00
-146.57 -845.98 1.00
-407.97 -731.48 1.00
-363.89 -226.31 1.00
-503.57 -816.08 1.00
-143.55 64.24 1.00
-749.95 -832.87 1.00
934.92 -982.66 1.00
24.26 -666.99 1.00
934.59 662.21 1.00
-589.85 507.33 1.00
658.31 104.46 1.00
-948.61 -503.23 1.00
-106.78 643.09 1.00
513.63 403.68 1.00
-490.31 -112.30 1.00
957.29 308.57 1.00
415.43 39.85 1.00
-838.14 729.16 1.00
-924.17 338.07 1.00
-532.20 593.22 1.00
588.96 795.03 1.00
-557.86 -671.65 1.00
-770.76 -845.06 1.00
977.45 521.40 1.00
100
-283.82 -699.08 1.00
593.89 400.54 1.00
769.47 -446.93 1.00
922.56 -517.51 1.00
-418.43 -936.52 1.00
-625.62 -933.42 1.00
-922.38 975.91 1.00
422.86 924.51 1.00
6.87 -809.90 1.00
756.92 -844.52 1.00
159.27 -747.32 1.00
83.02 790.42 1.00
-217.08 926.14 1.00
-952.30 282.65 1.00
997.49 -855.98 1.00
699.26 -216.95 1.00
884.78 -348.43 1.00
-330.44 424.34 1.00
-749.91 -347.62 1.00
511.91 21.46 1.00
-319.13 -165.10 1.00
-425.96 647.13 1.00
-15.03 -920.14 1.00
-7.36 54.35 1.00
-544.63 -553.00 1.00
-706.14 194.45 1.00
-730.71 -843.83 1.00
101.40 -605.56 1.00
551.92 -249.84 1.00
102.44 -605.54 1.00
-270.59 -467.61 1.00
912.17 -110.79 1.00
-312.64 676.07 1.00
-385.41 -758.73 1.00
451.21 522.41 1.00
268.13 584.01 1.00
-862.12 -558.81 1.00
-241.31 -441.07 1.00
-965.37 -452.35 1.00
427.03 638.97 1.00
805.83 500.08 1.00
-43.69 -838.70 1.00
513.26 -863.85 1.00
-34.50 -152.42 1.00
-841.20 -508.31 1.00
-783.85 131.71 1.00
-833.64 276.93 1.00
349.61 -602.69 1.00
543.66 217.78 1.00
-427.60 -450.74 1.00
-412.99 -745.94 1.00
-691.04 578.50 1.00
-93.20 916.30 1.00
-312.21 781.26 1.00
353.94 931.13 1.00
987.43 735.13 1.00
-357.58 379.00 1.00
696.16 583.35 1.00
570.33 -628.73 1.00
-311.56 326.09 1.00
23.72 -674.36 1.00
-617.16 180.26 1.00
-233.39 -375.65 1.00
725.30 17.71 1.00
-175.58 -169.51 1.00
181.49 -748.47 1.00
86.83 -945.36 1.00
354.96 -125.21 1.00
-774.21 -142.14 1.00
880.01 441.33 1.00
617.86 -487.35 1.00
-310.09 -424.59 1.00
-485.09 -868.78 1.00
-193.25 -691.86 1.00
-598.14 347.83 1.00
-598.63 466.44 1.00
39.24 -63.31 1.00
863.24 -266.73 1.00
-996.55 -429.43 1.00
-21.21 82.33 1.00
-250.91 -197.02 1.00
21.27 -548.74 1.00
980.76 15.98 1.00
-134.49 981.61 1.00
-180.53 -311.12 1.00
-973.77 27.89 1.00
-876.55 886.30 1.00
-360.12 -788.47 1.00
121.15 946.21 1.00
66.52 -296.06 1.00
234.38 -577.31 1.00
225.82 -981.78 1.00
-119.99 336.78 1.00
-936.99 576.93 1.00
143.35 -21.66 1.00
-230.01 153.81 1.00
832.09 -994.36 1.00
-561.20 -395.90 1.00
-141.31 147.08 1.00
-278.67 413.57 1.00
100
-389.84 -378.52 1.00
-628.26 -328.50 1.00
688.22 -746.74 1.00
-765.95 155.07 1.00
-440.13 -219.57 1.00
510.14 332.22 1.00
717.39 726.31 1.00
522.16 442.08 1.00
605.77 54.68 1.00
653.20 -231.84 1.00
435.20 -720.43 1.00
-120.63 -20.54 1.00
-241.20 -803.43 1.00
-824.73 -625.08 1.00
-534.60 -976.83 1.00
-239.93 -123.70 1.00
91.24 -215.99 1.00
712.78 415.20 1.00
-338.15 937.43 1.00
-747.11 5.67 1.00
-544.21 48.69 1.00
-888.15 -620.42 1.00
-936.25 176.05 1.00
-937.23 -38.73 1.00
935.61 -984.83 1.00
834.44 -547.45 1.00
-404.68 765.44 1.00
150.34 -481.81 1.00
-634.60 -902.36 1.00
927.09 865.66 1.00
990.00 910.30 1.00
-200.71 -134.07 1.00
-954.73 -183.76 1.00
561.15 -368.04 1.00
653.39 895.37 1.00
-77.84 -702.26 1.00
-46.22 -359.29 1.00
-461.07 213.94 1.00
-879.57 -112.00 1.00
-760.09 41.96 1.00
569.78 18.81 1.00
-919.79 545.16 1.00
811.94 -569.76 1.00
-943.97 393.42 1.00
815.95 330.09 1.00
476.18 -352.41 1.00
-240.15 -833.47 1.00
-48.13 407.68 1.00
-776.48 -223.86 1.00
-393.66 299.48 1.00
-275.80 -40.03 1.00
340.54 718.87 1.00
401.16 -972.20 1.00
237.20 103.45 1.00
293.25 -185.35 1.00
219.35 -389.04 1.00
-435.63 314.20 1.00
363.09 276.28 1.00
-524.07 -564.73 1.00
-822.37 -626.78 1.00
524.57 -37.99 1.00
669.23 138.85 1.00
258.37 -272.36 1.00
-408.16 788.40 1.00
989.47 -517.71 1.00
809.88 -7.37 1.00
967.89 353.35 1.00
-194.49 -840.13 1.00
810.78 963.03 1.00
917.12 -74.26 1.00
-176.49 414.84 1.00
69.44 -919.06 1.00
-504.69 205.07 1.00
111.09 856.14 1.00
196.05 249.32 1.00
-298.54 -53.68 1.00
321.72 155.73 1.00
-734.42 708.76 1.00
-353.50 -634.21 1.00
-323.23 54.46 1.00
795.84 -506.68 1.00
-133.22 814.39 1.00
108.59 497.40 1.00
-644.74 -935.64 1.00
-851.76 -200.73 1.00
-169.01 759.84 1.00
-260.85 -698.04 1.00
-881.81 -409.82 1.00
450.85 715.87 1.00
-631.98 -6.00 1.00
-556.38 898.45 1.00
945.65 -132.75 1.00
-37.26 -277.74 1.00
-23.37 809.84 1.00
-828.11 5.10 1.00
-668.87 702.93 1.00
-95.33 -468.44 1.00
-290.76 -328.47 1.00
545.21 -203.48 1.00
-346.88 -739.68 1.00
100
2.55 -801.50 1.00
-68.34 605.57 1.00
-695.85 -380.55 1.00
611.35 -85.69 1.00
-812.69 -740.97 1.00
-596.61 651.08 1.00
797.86 292.99 1.00
-527.31 269.73 1.00
201.54 -295.61 1.00
214.46 -75.34 1.00
-145.11 892.00 1.00
-901.93 -656.11 1.00
120.10 732.32 1.00
360.23 -998.27 1.00
59.99 -494.58 1.00
-898.82 -7.73 1.00
380.42 -888.46 1.00
-271.99 221.06 1.00
337.04 -423.12 1.00
98.40 -300.67 1.00
-992.31 -366.31 1.00
80.05 348.03 1.00
-881.37 86.89 1.00
138.92 26.74 1.00
-578.24 -484.83 1.00
760.98 -415.14 1.00
331.87 -161.60 1.00
873.60 -312.11 1.00
-691.79 975.89 1.00
-689.12 -524.37 1.00
745.73 -823.84 1.00
891.86 -871.12 1.00
663.87 954.85 1.00
-380.70 -632.61 1.00
794.29 211.64 1.00
833.17 433.11 1.00
356.95 -54.94 1.00
-252.41 -187.50 1.00
-32.60 -518.61 1.00
-542.63 -960.66 1.00
-123.46 415.46 1.00
608.96 -120.60 1.00
-350.14 -330.31 1.00
-641.15 125.57 1.00
-285.02 409.36 1.00
-378.05 708.44 1.00
-282.13 -196.58 1.00
647.89 228.71 1.00
966.29 700.91 1.00
-436.64 369.22 1.00
-628.61 -640.00 1.00
600.29 806.23 1.00
515.66 -773.96 1.00
-649.12 806.42 1.00
-94.90 -826.83 1.00
49.76 -405.17 1.00
555.05 18.35 1.00
41.85 -304.25 1.00
574.05 436.27 1.00
-409.03 261.62 1.00
394.70 148.08 1.00
-793.63 687.83 1.00
439.24 -59.40 1.00
986.13 -459.05 1.00
119.17 641.97 1.00
418.77 -655.75 1.00
713.40 -203.10 1.00
959.48 553.95 1.00
-833.54 -244.38 1.00
873.44 661.90 1.00
-664.52 244.13 1.00
-626.11 994.20 1.00
-472.84 972.31 1.00
-416.29 -822.78 1.00
-149.57 478.60 1.00
-68.07 441.42 1.00
214.98 587.25 1.00
482.02 -58.86 1.00
-106.67 -469.39 1.00
431.40 -43.36 1.00
-266.24 -193.48 1.00
752.63 170.04 1.00
-56.97 -568.81 1.00
-885.53 -509.37 1.00
-609.47 798.20 1.00
-664.57 548.92 1.00
162.57 -445.20 1.00
551.75 -681.51 1.00
849.80 -52.48 1.00
-251.00 -198.33 1.00
884.54 714.72 1.00
-918.37 511.41 1.00
979.44 -320.53 1.00
-8.78 -803.93 1.00
308.45 -492.80 1.00
273.03 -263.18 1.00
-228.90 -631.41 1.00
-205.86 818.60 1.00
-458.57 992.92 1.00
-192.78 381.66 1.00
100
-183.98 974.73 1.00
-164.46 -367.88 1.00
422.13 -608.86 1.00
782.20 -588.79 1.00
844.70 941.79 1.00
598.79 330.85 1.00
669.79 264.14 1.00
-878.06 -569.01 1.00
335.96 17.59 1.00
-902.27 126.22 1.00
536.50 -746.99 1.00
163.03 610.09 1.00
136.14 303.38 1.00
-605.21 756.17 1.00
4.43 924.78 1.00
447.20 -188.04 1.00
-929.49 -49.05 1.00
934.05 -410.03 1.00
910.79 661.00 1.00
-679.89 851.47 1.00
-959.89 531.28 1.00
197.92 -870.32 1.00
-315.28 499.56 1.00
601.28 -73.74 1.00
36.06 378.80 1.00
-304.80 155.85 1.00
362.26 -77.97 1.00
-25.85 -118.24 1.00
591.18 120.82 1.00
375.27 93.43 1.00
-867.63 533.98 1.00
-624.35 -624.17 1.00
-783.77 56.95 1.00
-629.86 -846.35 1.00
230.92 -812.75 1.00
-12.64 783.61 1.00
-920.50 -586.06 1.00
-167.08 -884.24 1.00
548.68 -817.08 1.00
649.94 861.06 1.00
-735.75 559.61 1.00
168.11 -925.41 1.00
595.01 -100.66 1.00
-351.19 985.91 1.00
553.00 -201.85 1.00
444.66 886.06 1.00
-498.68 -54.96 1.00
600.69 30.48 1.00
182.33 424.87 1.00
-50.65 954.84 1.00
655.45 -886.69 1.00
-34.11 487.78 1.00
881.18 223.33 1.00
692.27 771.09 1.00
-207.58 966.93 1.00
982.99 -127.37 1.00
-825.18 339.24 1.00
-370.45 -194.39 1.00
685.07 607.65 1.00
-75.71 -668.64 1.00
179.25 281.34 1.00
96.72 -249.08 1.00
491.48 940.76 1.00
-437.99 245.10 1.00
673.40 -801.09 1.00
316.90 -659.69 1.00
743.83 -85.62 1.00
239.34 -668.71 1.00
464.08 885.36 1.00
-110.41 -774.77 1.00
284.31 -507.52 1.00
-396.61 -750.40 1.00
736.93 -242.19 1.00
131.59 311.07 1.00
954.41 -656.95 1.00
794.88 561.25 1.00
913.39 154.42 1.00
255.11 739.51 1.00
-725.48 -807.07 1.00
-879.67 740.72 1.00
599.08 294.50 1.00
-687.29 919.15 1.00
520.03 345.81 1.00
-867.60 4.05 1.00
200.89 -75.31 1.00
582.52 -493.73 1.00
-53.54 -957.20 1.00
618.21 386.89 1.00
728.10 -765.45 1.00
-11.25 828.46 1.00
540.64 497.40 1.00
696.04 925.41 1.00
-949.68 202.44 1.00
-676.71 172.06 1.00
409.79 -9.99 1.00
-738.40 409.82 1.00
772.05 966.91 1.00
270.25 921.56 1.00
66.55 -766.61 1.00
-605.09 -555.75 1.00
100
-873.16 -780.04 1.00
277.99 -808.19 1.00
906.66 -314.15 1.00
908.73 572.00 1.00
732.76 -891.85 1.00
-575.40 213.52 1.00
357.04 -806.04 1.00
766.71 786.42 1.00
492.91 -85.69 1.00
-81.68 442.14 1.00
364.40 -932.66 1.00
-57.73 744.84 1.00
-54.12 141.91 1.00
382.53 -285.35 1.00
9.77 492.15 1.00
291.08 -26.49 1.00
659.57 950.37 1.00
947.71 789.26 1.00
-842.97 -980.94 1.00
651.03 318.67 1.00
78.05 672.00 1.00
170.45 147.66 1.00
484.57 379.11 1.00
328.37 478.76 1.00
835.79 880.48 1.00
350.89 -963.01 1.00
47.77 -83.19 1.00
-932.59 551.53 1.00
989.19 383.13 1.00
-533.18 157.81 1.00
-249.44 418.62 1.00
623.32 158.27 1.00
315.82 3.90 1.00
556.26 -150.63 1.00
331.91 -573.87 1.00
-432.11 -45.42 1.00
-65.06 -122.31 1.00
964.11 -202.57 1.00
-24.46 -548.09 1.00
-616.25 810.23 1.00
-82.01 463.08 1.00
-81.77 -921.98 1.00
449.22 884.36 1.00
899.02 -729.67 1.00
-360.15 681.32 1.00
-619.57 912.00 1.00
577.25 -8.85 1.00
-594.84 -482.94 1.00
634.72 706.09 1.00
-662.25 -888.41 1.00
41.33 -706.04 1.00
357.17 608.69 1.00
676.01 255.63 1.00
-396.78 494.87 1.00
-387.38 276.49 1.00
-557.05 -326.76 1.00
-156.42 488.58 1.00
-371.60 341.02 1.00
-608.37 127.02 1.00
564.65 -118.96 1.00
-862.78 -606.60 1.00
568.77 -632.78 1.00
-195.33 -314.12 1.00
-504.25 -257.53 1.00
322.53 45.72 1.00
652.07 -464.06 1.00
68.46 -591.51 1.00
-710.10 -833.58 1.00
-718.64 259.59 1.00
750.78 -951.18 1.00
-268.75 -353.63 1.00
158.26 105.54 1.00
-593.51 -634.27 1.00
-63.70 634.79 1.00
-506.14 906.90 1.00
249.93 305.86 1.00
596.51 481.41 1.00
-437.84 -56.93 1.00
-390.15 906.12 1.00
876.78 -55.31 1.00
-280.90 118.78 1.00
634.84 367.72 1.00
103.19 119.45 1.00
-453.63 -51.65 1.00
699.28 -805.07 1.00
667.92 566.09 1.00
741.12 -767.27 1.00
915.23 857.95 1.00
769.24 567.04 1.00
436.18 910.33 1.00
-637.56 277.34 1.00
809.56 577.44 1.00
77.20 -329.69 1.00
432.35 -654.80 1.00
-691.17 -851.11 1.00
-502.07 863.44 1.00
-970.39 -965.78 1.00
48.48 727.32 1.00
924.01 307.02 1.00
171.95 -959.66 1.00
100
-854.96 -555.93 1.00
871.26 -511.33 1.00
199.82 -72.86 1.00
-570.96 -368.67 1.00
57.54 534.12 1.00
-162.22 14.49 1.00
-948.68 -607.16 1.00
-346.39 -583.60 1.00
438.32 788.07 1.00
547.55 260.55 1.00
-851.10 751.65 1.00
-725.17 45.42 1.00
-83.33 -914.61 1.00
732.97 196.83 1.00
316.64 -394.29 1.00
951.11 -671.38 1.00
-154.18 617.74 1.00
-352.53 540.39 1.00
155.15 250.20 1.00
258.50 -199.74 1.00
-574.84 180.15 1.00
-827.41 -800.66 1.00
-447.43 602.27 1.00
-168.63 -559.22 1.00
898.70 -422.67 1.00
-433.09 357.25 1.00
-115.03 -107.77 1.00
-434.57 736.39 1.00
511.96 -249.67 1.00
-851.50 -637.46 1.00
-578.22 -581.08 1.00
350.13 462.15 1.00
142.39 -782.10 1.00
-587.85 -334.87 1.00
719.42 -512.57 1.00
671.92 965.54 1.00
974.17 496.91 1.00
842.09 -99.03 1.00
-606.23 457.62 1.00
581.49 -724.22 1.00
922.20 -669.12 1.00
-833.77 116.18 1.00
20.54 -522.64 1.00
797.48 -496.19 1.00
869.00 -979.66 1.00
-966.12 423.91 1.00
-278.53 -87.74 1.00
-257.33 -45.44 1.00
172.53 -450.10 1.00
99.32 437.50 1.00
-459.56 -934.02 1.00
-540.62 159.82 1.00
835.36 461.03 1.00
782.25 595.44 1.00
775.88 779.05 1.00
-81.84 -648.96 1.00
434.81 116.55 1.00
0.67 -690.42 1.00
-578.95 744.23 1.00
-274.35 -852.06 1.00
848.43 835.03 1.00
232.48 775.77 1.00
-913.56 999.78 1.00
988.90 550.88 1.00
-617.69 -905.17 1.00
-968.66 -91.28 1.00
-320.34 405.51 1.00
757.96 58.38 1.00
-347.41 563.40 1.00
-66.15 -506.92 1.00
985.91 799.19 1.00
863.79 -593.95 1.00
-250.33 -322.72 1.00
984.18 823.97 1.00
537.36 526.77 1.00
303.30 -35.15 1.00
-419.21 -366.45 1.00
94.59 978.85 1.00
-745.96 -334.81 1.00
167.57 -160.08 1.00
357.70 -678.91 1.00
568.12 -16.33 1.00
506.65 -827.89 1.00
876.41 488.06 1.00
30.48 181.83 1.00
121.14 -459.38 1.00
-632.35 -469.52 1.00
816.59 798.24 1.00
-785.95 659.06 1.00
-784.87 931.24 1.00
334.85 701.82 1.00
598.14 -817.75 1.00
430.80 595.32 1.00
-391.51 586.74 1.00
-267.36 -168.10 1.00
-551.29 337.02 1.00
-792.03 -958.31 1.00
-296.70 -273.28 1.00
122.89 -67.48 1.00
165.02 -461.15 1.00
