100
-941 0 0
-333 0 0
-479 0 0
-649 0 0
-137 0 0
-64 0 0
511 0 0
51 0 0
740 0 0
-381 0 0
-788 0 0
-855 0 0
539 0 0
-219 0 0
-965 0 0
-582 0 0
-274 0 0
545 0 0
-646 0 0
368 0 0
779 0 0
-31 0 0
-142 0 0
-901 0 0
-75 0 0
889 0 0
-909 0 0
402 0 0
375 0 0
544 0 0
-829 0 0
672 0 0
179 0 0
64 0 0
-184 0 0
-252 0 0
-754 0 0
306 0 0
748 0 0
540 0 0
808 0 0
-893 0 0
-325 0 0
837 0 0
501 0 0
-457 0 0
-872 0 0
72 0 0
762 0 0
-746 0 0
196 0 0
-139 0 0
588 0 0
829 0 0
361 0 0
-617 0 0
-460 0 0
18 0 0
-92 0 0
550 0 0
-254 0 0
-402 0 0
221 0 0
916 0 0
-919 0 0
-939 0 0
-992 0 0
922 0 0
237 0 0
-554 0 0
-30 0 0
886 0 0
-518 0 0
-728 0 0
815 0 0
375 0 0
-668 0 0
285 0 0
-980 0 0
-14 0 0
652 0 0
228 0 0
843 0 0
55 0 0
-847 0 0
129 0 0
-874 0 0
372 0 0
90 0 0
259 0 0
-611 0 0
760 0 0
906 0 0
-238 0 0
-134 0 0
-609 0 0
841 0 0
257 0 0
-499 0 0
489 0 0
761 0 0
806 0 0
283 0 0
-116 0 0
525 0 0
762 0 0
-958 0 0
705 0 0
563 0 0
-847 0 0
-565 0 0
-820 0 0
824 0 0
-295 0 0
794 0 0
649 0 0
-875 0 0
-320 0 0
-458 0 0
-219 0 0
409 0 0
474 0 0
-622 0 0
-489 0 0
-626 0 0
886 0 0
-265 0 0
193 0 0
531 0 0
-281 0 0
1000 0 0
-650 0 0
-227 0 0
801 0 0
397 0 0
547 0 0
-58 0 0
-803 0 0
98 0 0
-25 0 0
-483 0 0
-420 0 0
-815 0 0
-450 0 0
-655 0 0
589 0 0
334 0 0
957 0 0
-765 0 0
620 0 0
-345 0 0
384 0 0
-694 0 0
-93 0 0
446 0 0
103 0 0
-62 0 0
465 0 0
-571 0 0
-158 0 0
186 0 0
470 0 0
471 0 0
804 0 0
-322 0 0
-949 0 0
30 0 0
-49 0 0
-795 0 0
-241 0 0
-12 0 0
-501 0 0
-931 0 0
506 0 0
-147 0 0
730 0 0
-180 0 0
63 0 0
829 0 0
804 0 0
-290 0 0
-912 0 0
-294 0 0
-392 0 0
-54 0 0
569 0 0
981 0 0
-536 0 0
-824 0 0
-41 0 0
-706 0 0
166 0 0
-44 0 0
-637 0 0
621 0 0
27 0 0
-756 0 0
-830 0 0
-748 0 0
867 0 0
909 0 0
-148 0 0
-168 0 0
-256 0 0
69 0 0
543 0 0
900 0 0
-93 0 0
-853 0 0
-16 0 0
793 0 0
-368 0 0
-520 0 0
-918 0 0
-234 0 0
467 0 0
-370 0 0
-304 0 0
117 0 0
364 0 0
-30 0 0
22 0 0
505 0 0
-992 0 0
-803 0 0
-147 0 0
876 0 0
-357 0 0
421 0 0
-549 0 0
281 0 0
166 0 0
-264 0 0
77 0 0
185 0 0
-993 0 0
629 0 0
101 0 0
-904 0 0
-72 0 0
801 0 0
-743 0 0
-932 0 0
-158 0 0
-330 0 0
-765 0 0
-661 0 0
617 0 0
-822 0 0
508 0 0
-946 0 0
991 0 0
-561 0 0
-683 0 0
138 0 0
-574 0 0
-921 0 0
307 0 0
340 0 0
-382 0 0
589 0 0
-602 0 0
762 0 0
-609 0 0
-955 0 0
-942 0 0
712 0 0
-73 0 0
580 0 0
-966 0 0
-908 0 0
-913 0 0
-557 0 0
435 0 0
62 0 0
-657 0 0
-445 0 0
-694 0 0
493 0 0
-232 0 0
-921 0 0
-40 0 0
897 0 0
-617 0 0
-80 0 0
746 0 0
-216 0 0
-265 0 0
784 0 0
474 0 0
66 0 0
-695 0 0
-825 0 0
-827 0 0
-182 0 0
-911 0 0
139 0 0
780 0 0
43 0 0
-655 0 0
