100
48
1854416 1854416 1854416 1854416 1854416 1854416 1854416 1854416 1854416 791900088 791900088 791900088 791900088 791900088 791900088 791900088 819544544 819544544 819544544 819544544 819544544 819544544 167735722 167735722 167735722 167735722 167735722 167735722 373002927 373002927 653860514 414485840 414485840 414485840 414485840 414485840 414485840 414485840 381155247 381155247 381155247 381155247 381155247 381155247 381155247 381155247 578448652 578448652
42
236689985 135216586 135216586 135216586 135216586 135216586 135216586 128937868 128937868 128937868 128937868 128937868 128937868 128937868 177136913 177136913 177136913 177136913 177136913 568930285 568930285 568930285 568930285 568930285 568930285 568930285 568930285 568930285 568930285 668853179 668853179 668853179 668853179 668853179 668853179 668853179 522206880 522206880 522206880 522206880 522206880 522206880
47
944879514 944879514 944879514 944879514 944879514 944879514 944879514 944879514 944879514 652767226 652767226 652767226 791915920 791915920 791915920 791915920 892429831 892429831 892429831 93724775 93724775 93724775 93724775 93724775 93724775 93724775 408865882 408865882 408865882 408865882 408865882 408865882 84412909 84412909 612722588 612722588 612722588 742666272 742666272 742666272 742666272 742666272 759010443 759010443 759010443 759010443 165219870
47
765750527 765750527 765750527 765750527 765750527 765750527 765750527 765750527 58184148 58184148 704070442 704070442 704070442 704070442 704070442 690631277 690631277 690631277 690631277 690631277 690631277 326010854 326010854 326010854 326010854 326010854 326010854 326010854 326010854 326010854 420675992 420675992 420675992 420675992 838501255 838501255 44549264 44549264 44549264 17553215 17553215 17553215 17553215 111657752 111657752 149935980 970876453
44
451810526 451810526 451810526 451810526 451810526 451810526 451810526 451810526 451810526 10343120 10343120 10343120 10343120 10343120 10343120 10343120 10343120 10343120 122595409 122595409 122595409 122595409 122595409 122595409 122595409 122595409 122595409 122595409 813827500 177060466 177060466 177060466 177060466 177060466 177060466 177060466 177060466 177060466 177060466 340145562 108176771 108176771 108176771 108176771
49
418665688 418665688 418665688 418665688 418665688 418665688 419643096 419643096 419643096 419643096 419643096 286775557 286775557 286775557 286775557 286775557 286775557 286775557 286775557 286775557 286775557 30847776 30847776 30847776 422533893 422533893 422533893 422533893 422533893 422533893 422533893 422533893 422533893 663719373 851534459 851534459 851534459 2086805 46209805 46209805 46209805 46209805 46209805 46209805 46209805 46209805 46209805 902734598 902734598
44
885807751 885807751 885807751 885807751 885807751 599413407 599413407 599413407 712199380 712199380 712199380 712199380 712199380 712199380 483723412 483723412 483723412 483723412 483723412 483723412 483723412 483723412 483723412 483723412 843260111 843260111 843260111 843260111 843260111 702995638 702995638 526505390 526505390 526505390 526505390 526505390 526505390 526505390 526505390 526505390 136946840 136946840 136946840 808609607
50
417345474 417345474 417345474 417345474 417345474 417345474 417345474 417345474 417345474 636742714 111219293 804561432 804561432 804561432 305944951 305944951 305944951 305944951 305944951 305944951 305944951 305944951 305944951 729543503 729543503 729543503 729543503 729543503 729543503 729543503 729543503 39263604 39263604 39263604 39263604 39263604 39263604 39263604 74213160 74213160 74213160 74213160 74213160 74213160 74213160 74213160 45215784 45215784 45215784 33624563
49
766438607 766438607 766438607 766438607 766438607 766438607 766438607 766438607 766438607 197115443 197115443 197115443 749352608 749352608 749352608 749352608 749352608 749352608 749352608 749352608 749352608 113579683 113579683 113579683 113579683 113579683 113579683 113579683 113579683 113579683 865119028 865119028 865119028 865119028 865119028 865119028 885044109 885044109 885044109 885044109 885044109 807784039 399736726 399736726 399736726 399736726 399736726 399736726 37076486
50
187264708 187264708 187264708 187264708 187264708 852617299 852617299 852617299 655108129 655108129 655108129 655108129 655108129 655108129 175503519 175503519 175503519 175503519 175503519 175503519 175503519 885465680 885465680 885465680 885465680 885465680 885465680 992593866 620852986 620852986 640868654 640868654 640868654 640868654 640868654 640868654 640868654 640868654 640868654 478705224 478705224 478705224 478705224 478705224 478705224 478705224 478705224 819060745 819060745 819060745
43
878002538 878002538 878002538 878002538 878002538 878002538 878002538 878002538 652206610 652206610 236727600 236727600 236727600 236727600 236727600 460654316 460654316 460654316 460654316 460654316 460654316 828908565 828908565 828908565 828908565 828908565 863680714 863680714 863680714 863680714 863680714 863680714 863680714 863680714 863680714 567934728 567934728 80655846 467169515 467169515 44464941 44464941 146239047
49
684602300 684602300 684602300 786379810 786379810 786379810 786379810 786379810 786379810 786379810 795084042 604348459 604348459 604348459 604348459 604348459 604348459 604348459 604348459 737548511 737548511 737548511 737548511 737548511 737548511 737548511 737548511 361512913 361512913 993611901 993611901 993611901 207247878 207247878 430582489 430582489 430582489 430582489 430582489 430582489 430582489 304979423 612224427 612224427 612224427 585005131 585005131 585005131 177294169
48
685991260 685991260 685991260 685991260 685991260 685991260 685991260 692078777 732434064 732434064 732434064 732434064 732434064 584105914 581116321 581116321 581116321 581116321 581116321 684794658 684794658 684794658 444806519 444806519 444806519 444806519 444806519 730395736 730395736 730395736 730395736 730395736 730395736 730395736 730395736 730395736 730395736 856802029 856802029 856802029 856802029 856802029 856802029 856802029 856802029 121361685 121361685 807637118
44
204984205 204984205 41249985 41249985 41249985 41249985 41249985 41249985 41249985 41249985 617751122 617751122 617751122 617751122 8800107 8800107 8800107 8800107 8800107 8800107 8800107 8800107 414524957 414524957 414524957 414524957 414524957 414524957 414524957 414524957 788356245 788356245 788356245 788356245 788356245 788356245 788356245 788356245 788356245 788356245 584442115 584442115 584442115 584442115
48
239074736 239074736 239074736 239074736 239074736 239074736 239074736 239074736 596379442 596379442 295072603 295072603 295072603 295072603 295072603 295072603 295072603 295072603 295072603 1676491 1676491 1676491 1676491 1676491 1676491 1676491 1676491 17448774 17448774 979105220 979105220 979105220 979105220 979105220 979105220 979105220 979105220 979105220 979105220 906981323 906981323 906981323 906981323 906981323 906981323 906981323 955267502 955267502
40
513319460 681444794 681444794 681444794 681444794 681444794 681444794 681444794 681444794 651039267 651039267 752976629 752976629 752976629 752976629 752976629 752976629 752976629 752976629 805261515 805261515 805261515 805261515 805261515 805261515 805261515 805261515 805261515 856644005 856644005 856644005 270774302 500942787 500942787 500942787 500942787 500942787 70302646 70302646 70302646
46
611549697 611549697 611549697 611549697 611549697 611549697 611549697 611549697 611549697 611549697 376634304 376634304 376634304 376634304 376634304 743185195 743185195 743185195 743185195 822521525 822521525 822521525 787093357 787093357 787093357 191661402 191661402 191661402 191661402 28163190 28163190 28163190 28163190 28163190 28163190 28163190 676042170 676042170 676042170 676042170 676042170 676042170 676042170 676042170 676042170 466977144
44
190992037 190992037 190992037 190992037 190992037 688690583 688690583 688690583 688690583 688690583 536834280 536834280 536834280 536834280 536834280 536834280 883268333 72639642 181989362 181989362 181989362 181989362 181989362 520609093 520609093 520609093 520609093 520609093 878065842 878065842 878065842 102285885 102285885 102285885 102285885 102285885 102285885 102285885 102285885 271425080 816619349 535465309 535465309 535465309
49
119778315 119778315 119778315 119778315 119778315 119778315 119778315 53244545 683754190 683754190 683754190 683754190 683754190 683754190 683754190 683754190 683754190 731914410 731914410 731914410 731914410 731914410 731914410 16613176 16613176 235476708 235476708 235476708 235476708 235476708 235476708 235476708 235476708 235476708 235476708 591725660 591725660 591725660 717923255 717923255 717923255 717923255 717923255 717923255 717923255 717923255 717923255 79497370 106403752
41
349562751 349562751 349562751 349562751 349562751 349562751 349562751 349562751 349562751 349562751 783389178 783389178 783389178 783389178 783389178 783389178 783389178 783389178 783389178 363996874 363996874 363996874 363996874 363996874 363996874 363996874 819872819 129381728 129381728 129381728 129381728 129381728 129381728 129381728 358796096 358796096 358796096 358796096 358796096 358796096 358796096
47
600479300 600479300 600479300 600479300 600479300 600479300 744516866 744516866 744516866 744516866 744516866 744516866 744516866 744516866 744516866 744516866 296595056 296595056 948198019 948198019 948198019 948198019 948198019 948198019 948198019 948198019 948198019 948198019 601366554 601366554 19820737 19820737 147233052 147233052 787292706 785593631 785593631 785593631 785593631 785593631 785593631 785593631 785593631 785593631 785593631 43985816 827909360
42
681447206 681447206 681447206 681447206 31580925 31580925 31580925 31580925 801395355 801395355 801395355 801395355 801395355 801395355 801395355 801395355 801395355 801395355 955299421 955299421 259923820 259923820 259923820 259923820 317517805 317517805 317517805 317517805 320603892 320603892 320603892 320603892 320603892 320603892 320603892 320603892 320603892 320603892 498559157 498559157 498559157 498559157
4
1 5 3 1
43
833139002 833139002 833139002 833139002 833139002 833139002 833139002 43588924 43588924 43588924 43588924 43588924 43588924 43588924 558876581 558876581 558876581 558876581 558876581 558876581 558876581 558876581 558876581 558876581 932627484 932627484 932627484 171244251 171244251 171244251 209477439 209477439 209477439 209477439 906399113 906399113 906399113 676084261 676084261 403206325 403206325 403206325 729312212
42
301870964 301870964 301870964 301870964 301870964 301870964 301870964 301870964 301870964 203720968 203720968 203720968 203720968 203720968 203720968 203720968 271276356 271276356 271276356 271276356 382814348 382814348 382814348 382814348 382814348 382814348 118520961 118520961 118520961 118520961 118520961 118520961 118520961 95459323 95459323 218598610 218598610 218598610 218598610 218598610 218598610 857276603
48
350530098 350530098 350530098 350530098 350530098 350530098 350530098 350530098 305784426 305784426 305784426 305784426 305784426 305784426 305784426 305784426 305784426 305784426 720623362 720623362 720623362 720623362 720623362 720623362 720623362 720623362 720623362 717521858 717521858 717521858 717521858 717521858 469364851 469364851 469364851 469364851 931786282 931786282 931786282 931786282 931786282 931786282 536080669 536080669 536080669 95840337 95840337 633566180
49
422284242 422284242 422284242 422284242 422284242 422284242 422284242 422284242 443061510 443061510 443061510 443061510 443061510 443061510 443061510 443061510 443061510 443061510 600428550 600428550 600428550 600428550 600428550 549901084 549901084 637071181 637071181 637071181 637071181 637071181 40317605 40317605 40317605 40317605 384220198 384220198 835183379 835183379 835183379 835183379 835183379 835183379 835183379 835183379 835183379 433026118 409498951 409498951 223231571
40
689248643 689248643 689248643 689248643 92705286 92705286 92705286 92705286 92705286 92705286 92705286 92705286 204790044 388885274 388885274 388885274 388885274 388885274 17306239 17306239 17306239 17306239 17306239 17306239 17306239 987655337 143531862 143531862 143531862 143531862 143531862 991459883 991459883 991459883 991459883 991459883 991459883 991459883 308980454 308980454
40
832355611 832355611 832355611 832355611 832355611 832355611 369640876 369640876 5896972 5896972 5896972 5896972 623984181 623984181 623984181 623984181 623984181 623984181 884047339 884047339 884047339 884047339 884047339 884047339 884047339 884047339 884047339 884047339 811143389 811143389 811143389 811143389 265146234 265146234 265146234 265146234 265146234 265146234 265146234 487537840
50
413948492 413948492 413948492 413948492 413948492 413948492 413948492 413948492 413948492 299792333 299792333 299792333 299792333 299792333 96921270 96921270 96921270 96921270 96921270 96921270 96921270 96921270 465500738 465500738 465500738 465500738 465500738 465500738 465500738 465500738 465500738 465500738 794691809 794691809 794691809 187132443 187132443 187132443 187132443 187132443 187132443 187132443 187132443 187132443 187132443 346147367 346147367 346147367 346147367 346147367
50
871843261 871843261 871843261 871843261 871843261 871843261 12924471 12924471 12924471 12924471 12924471 12924471 12924471 12924471 12924471 12924471 647896464 74987251 74987251 74987251 74987251 74987251 74987251 74987251 74987251 335773171 335773171 335773171 335773171 335773171 335773171 636272653 636272653 636272653 636272653 636272653 636272653 636272653 636272653 636272653 636272653 981221741 342459820 342459820 342459820 342459820 342459820 342459820 342459820 342459820
50
558958423 558958423 558958423 558958423 558958423 212320529 212320529 212320529 212320529 212320529 212320529 212320529 212320529 212320529 212320529 66590954 66590954 66590954 66590954 66590954 66590954 66590954 66590954 66590954 463916535 463916535 366351966 366351966 366351966 366351966 366351966 366351966 366351966 366351966 8515416 8515416 8515416 8515416 8515416 8515416 8515416 8515416 533865582 533865582 533865582 533865582 533865582 533865582 533865582 624704984
41
695470249 695470249 992182973 992182973 992182973 992182973 992182973 992182973 992182973 992182973 992182973 972818941 972818941 972818941 972818941 972818941 972818941 499256987 499256987 499256987 499256987 499256987 499256987 499256987 499256987 499256987 499256987 101337472 101337472 392027470 392027470 392027470 392027470 392027470 392027470 392027470 392027470 392027470 722369401 722369401 722369401
43
892018433 892018433 892018433 892018433 892018433 892018433 868474433 868474433 868474433 560870017 560870017 560870017 35141507 814156607 562485771 562485771 562485771 562485771 562485771 562485771 562485771 97692572 97692572 97692572 588747318 588747318 588747318 588747318 588747318 588747318 94996761 94996761 94996761 94996761 565807044 565807044 565807044 565807044 770688504 770688504 345165744 345165744 655585337
41
742888925 742888925 742888925 224053289 224053289 224053289 224053289 224053289 224053289 224053289 224053289 87638944 87638944 87638944 758742593 758742593 758742593 758742593 758742593 758742593 758742593 758742593 758742593 758742593 764129895 764129895 764129895 764129895 764129895 764129895 764129895 764129895 162750990 639167352 639167352 639167352 341145693 523466553 523466553 523466553 523466553
42
794543901 794543901 794543901 794543901 794543901 794543901 794543901 794543901 794543901 857138383 857138383 857138383 857138383 857138383 857138383 857138383 857138383 511478672 511478672 511478672 511478672 511478672 78295405 78295405 78295405 78295405 78295405 78295405 78295405 118515865 118515865 118515865 435310834 435310834 435310834 231914305 231914305 231914305 231914305 581673980 581673980 160156195
43
149474218 525128700 525128700 231311520 818547369 818547369 818547369 818547369 818547369 818547369 817718529 817718529 817718529 817718529 817718529 817718529 817718529 817718529 817718529 488743386 488743386 488743386 488743386 488743386 488743386 488743386 488743386 207897660 207897660 207897660 207897660 207897660 207897660 207897660 207897660 700764050 700764050 52899333 52899333 52899333 52899333 52899333 52899333
45
470916760 470916760 470916760 470916760 470916760 220875110 220875110 220875110 220875110 220875110 220875110 220875110 220875110 220875110 220875110 615422417 615422417 615422417 615422417 615422417 615422417 615422417 615422417 615422417 668433929 668433929 668433929 668433929 668433929 668433929 668433929 631515681 631515681 330534907 865987435 865987435 362592642 362592642 362592642 362592642 362592642 362592642 362592642 362592642 632874873
41
843521116 843521116 407324199 407324199 407324199 407324199 407324199 407324199 407324199 407324199 407324199 407324199 598222116 598222116 598222116 598222116 598222116 598222116 598222116 598222116 598222116 850050140 850050140 850050140 850050140 850050140 850050140 850050140 850050140 810983107 810983107 810983107 810983107 308817968 308817968 308817968 308817968 308817968 308817968 308817968 546078261
48
486487296 486487296 486487296 486487296 486487296 486487296 486487296 486487296 486487296 486487296 844709315 844709315 844709315 844709315 844709315 888765194 888765194 888765194 888765194 888765194 888765194 888765194 827103241 827103241 827103241 827103241 808010587 808010587 808010587 808010587 808010587 808010587 808010587 299261472 299261472 299261472 299261472 96066686 96066686 96066686 96066686 985022312 985022312 985022312 985022312 985022312 985022312 985022312
48
893397084 893397084 893397084 893397084 893397084 893397084 893397084 893397084 893397084 893397084 991535545 991535545 237423299 237423299 237423299 237423299 237423299 237423299 237423299 172991153 172991153 172991153 172991153 172991153 172991153 172991153 172991153 172991153 240416639 240416639 240416639 240416639 240416639 240416639 240416639 240416639 240416639 240416639 263969407 263969407 263969407 263969407 263969407 263969407 263969407 263969407 263969407 268733385
49
78856867 78856867 78856867 78856867 78856867 78856867 78856867 78856867 78856867 774658080 756646629 756646629 756646629 756646629 756646629 756646629 718226999 471065663 471065663 471065663 471065663 471065663 471065663 471065663 961183319 961183319 961183319 961183319 247548940 247548940 247548940 247548940 247548940 247548940 860464931 860464931 928333614 928333614 928333614 928333614 928333614 928333614 928333614 928333614 928333614 870535684 870535684 870535684 870535684
41
183720241 183720241 183720241 183720241 183720241 183720241 405332981 405332981 405332981 405332981 405332981 684776636 684776636 684776636 684776636 684776636 684776636 684776636 684776636 336438353 336438353 336438353 336438353 336438353 336438353 336438353 336438353 336438353 336438353 986283002 986283002 986283002 986283002 986283002 986283002 986283002 524134494 524134494 524134494 524134494 84230700
48
53602199 53602199 53602199 53602199 53602199 53602199 53602199 137500010 137500010 137500010 137500010 137500010 137500010 137500010 483967292 483967292 483967292 483967292 483967292 483967292 483967292 483967292 762565697 762565697 762565697 762565697 762565697 762565697 762565697 762565697 705199877 705199877 705199877 705199877 705199877 705199877 705199877 705199877 332144557 332144557 332144557 332144557 332144557 332144557 8659101 8659101 997574662 442544446
43
342759575 342759575 342759575 342759575 155937894 155937894 155937894 155937894 155937894 155937894 155937894 155937894 155937894 37418119 37418119 37418119 37418119 37418119 37418119 363329668 363329668 363329668 363329668 363329668 363329668 821490325 821490325 821490325 821490325 821490325 821490325 821490325 821490325 821490325 821490325 221632629 221632629 221632629 221632629 221632629 221632629 221632629 235679575
45
57295357 57295357 57295357 57295357 57295357 724070015 724070015 724070015 724070015 724070015 724070015 724070015 724070015 127875960 127875960 127875960 921367412 921367412 921367412 921367412 921367412 578314896 869941902 869941902 128820721 128820721 128820721 128820721 128820721 205495204 205495204 539632934 539632934 650656880 650656880 650656880 308358839 308358839 308358839 308358839 308358839 308358839 308358839 308358839 640867684
49
454586126 454586126 454586126 454586126 454586126 454586126 454586126 454586126 345963983 345963983 345963983 345963983 345963983 143731105 143731105 143731105 143731105 143731105 143731105 143731105 127738475 127738475 127738475 87943364 87943364 87943364 87943364 87943364 87943364 87943364 182154825 182154825 182154825 182154825 182154825 182154825 177144302 177144302 394354379 394354379 394354379 394354379 152505354 152505354 152505354 152505354 503184322 155833374 155833374
43
480063057 480063057 118327871 118327871 118327871 118327871 118327871 118327871 155720675 155720675 155720675 155720675 155720675 155720675 404890616 404890616 404890616 404890616 404890616 404890616 53810922 53810922 53810922 53810922 53810922 53810922 53810922 53810922 767830631 767830631 767830631 767830631 767830631 767830631 767830631 132022344 132022344 132022344 88882412 88882412 88882412 398174131 398174131
47
580963092 580963092 580963092 580963092 580963092 580963092 580963092 866204474 599214009 599214009 599214009 599214009 599214009 599214009 599214009 599214009 599214009 599214009 980500623 980500623 980500623 813721188 813721188 476123770 476123770 476123770 476123770 476123770 476123770 476123770 199817620 566367890 566367890 566367890 566367890 207504695 207504695 207504695 98629618 98629618 98629618 98629618 98629618 98629618 98629618 98629618 98629618
41
258676469 258676469 258676469 258676469 258676469 258676469 258676469 258676469 258676469 258676469 317481530 317481530 317481530 950782710 950782710 950782710 693465454 693465454 693465454 693465454 693465454 3267920 3267920 3267920 543053296 543053296 543053296 388812472 312956988 312956988 312956988 312956988 312956988 312956988 312956988 164512007 164512007 164512007 164512007 426167792 426167792
49
223937649 223937649 223937649 223937649 223937649 223937649 335935620 335935620 335935620 91649564 91649564 91649564 91649564 91649564 728040910 728040910 728040910 728040910 728040910 958926324 958926324 37227453 37227453 37227453 37227453 37227453 37227453 37227453 37227453 37227453 144693063 144693063 144693063 144693063 399988227 399988227 399988227 380471866 380471866 380471866 380471866 380471866 380471866 380471866 380471866 380471866 892429943 892429943 892429943
50
519646830 360634278 360634278 360634278 360634278 360634278 360634278 360634278 255400716 255400716 255400716 255400716 255400716 255400716 632755474 632755474 620638010 620638010 620638010 620638010 620638010 620638010 620638010 620638010 620638010 620638010 398050124 398050124 398050124 398050124 398050124 392387994 392387994 392387994 392387994 392387994 392387994 60034028 60034028 60034028 60034028 60034028 249677227 249677227 249677227 249677227 354232369 354232369 354232369 57764126
47
985939575 985939575 985939575 985939575 985939575 985939575 985939575 985939575 711464019 711464019 855655659 855655659 855655659 855655659 855655659 855655659 855655659 855655659 855655659 855655659 644235256 644235256 644235256 644235256 644235256 644235256 644235256 644235256 644235256 644235256 140997398 140997398 140997398 140997398 140997398 140997398 140997398 140997398 140997398 140997398 488625000 488625000 488625000 488625000 622990452 622990452 622990452
42
5975794 5975794 324927236 324927236 324927236 324927236 539002472 984413060 984413060 211000766 211000766 211000766 211000766 211000766 211000766 211000766 211000766 397436723 397436723 518655240 518655240 518655240 457818583 457818583 457818583 457818583 457818583 457818583 969648019 969648019 969648019 969648019 969648019 969648019 969648019 969648019 969648019 955858867 955858867 955858867 955858867 955858867
47
944579679 944579679 944579679 944579679 944579679 944579679 944579679 944579679 677347927 677347927 677347927 677347927 677347927 677347927 677347927 677347927 677347927 13886403 13886403 13886403 13886403 13886403 13886403 13886403 893491060 893491060 893491060 76273278 76273278 76273278 76273278 76273278 76273278 76273278 76273278 76273278 76273278 150678906 85418735 94738536 94738536 94738536 94738536 94738536 94738536 846449960 980339448
44
739062562 739062562 739062562 739062562 739062562 739062562 739062562 887354950 424917072 424917072 424917072 424917072 424917072 424917072 424917072 424917072 424917072 424917072 818854320 818854320 818854320 818854320 818854320 818854320 818854320 818854320 911083062 911083062 911083062 911083062 911083062 911083062 911083062 911083062 484852058 484852058 484852058 484852058 484852058 484852058 484852058 484852058 484852058 21636856
44
669665313 711049604 711049604 711049604 711049604 711049604 711049604 711049604 711049604 118900172 118900172 118900172 56019581 56019581 111817186 111817186 111817186 111817186 111817186 111817186 629187283 629187283 629187283 629187283 629187283 629187283 629187283 925129926 925129926 925129926 925129926 925129926 925129926 925129926 309167937 309167937 309167937 309167937 309167937 309167937 309167937 309167937 453728600 207303987
8
3 4 1 4 2 5 3 1
48
26582464 26582464 26582464 26582464 26582464 26582464 26582464 24145740 24145740 24145740 24145740 24145740 24145740 24145740 18724130 757270799 757270799 757270799 757270799 757270799 201245866 201245866 201245866 201245866 201245866 793008632 793008632 419100234 419100234 419100234 419100234 419100234 419100234 731641259 731641259 731641259 731641259 731641259 172251750 172251750 172251750 172251750 172251750 172251750 172251750 926655105 926655105 544517367
45
42697291 42697291 42697291 42697291 42697291 42697291 752560598 752560598 752560598 752560598 752560598 752560598 549276083 549276083 549276083 873864301 873864301 873864301 873864301 873864301 873864301 873864301 873864301 615421041 236907250 236907250 236907250 236907250 236907250 236907250 236907250 236907250 208690910 208690910 208690910 715517541 224715551 224715551 224715551 224715551 224715551 224715551 224715551 710761054 710761054
47
184946322 184946322 184946322 184946322 184946322 184946322 184946322 184946322 184946322 184946322 225489288 225489288 225489288 225489288 225489288 692927144 692927144 692927144 113533578 113533578 113533578 113533578 113533578 113533578 113533578 113533578 113533578 113533578 807350679 807350679 807350679 807350679 807350679 807350679 807350679 205449104 205449104 819930555 819930555 819930555 819930555 819930555 819930555 819930555 865826990 865826990 150080151
5
2 3 3 4 3
49
893498073 893498073 893498073 893498073 893498073 893498073 893498073 308903053 308903053 308903053 308903053 308903053 308903053 308903053 308903053 308903053 308903053 667712303 667712303 419884209 419884209 419884209 419884209 419884209 419884209 419884209 419884209 872421388 872421388 872421388 872421388 872421388 872421388 872421388 872421388 872421388 108702458 757931851 757931851 757931851 757931851 494303339 494303339 494303339 494303339 494303339 920438164 920438164 603963544
41
375726311 375726311 375726311 637813401 777206364 777206364 777206364 777206364 777206364 777206364 777206364 777206364 777206364 777206364 169734710 169734710 169734710 169734710 169734710 169734710 169734710 169734710 84575905 84575905 84575905 84575905 84575905 84575905 84575905 159530979 159530979 159530979 159530979 159530979 159530979 159530979 159530979 159530979 168649550 464996444 368758409
40
324421695 324421695 324421695 393940963 393940963 393940963 75122655 803566 803566 301569453 301569453 301569453 301569453 301569453 301569453 301569453 301569453 24849300 309788883 309788883 309788883 309788883 309788883 309788883 309788883 81121066 81121066 81121066 81121066 81121066 81121066 429951088 429951088 429951088 429951088 429951088 429951088 429951088 429951088 429951088
44
711936849 705883265 705883265 705883265 705883265 705883265 705883265 705883265 512351620 512351620 512351620 512351620 931890162 610917938 610917938 610917938 610917938 610917938 610917938 610917938 610917938 610917938 932438101 932438101 932438101 932438101 932438101 214081958 549961779 549961779 549961779 549961779 663335242 663335242 663335242 344453931 344453931 344453931 344453931 341305728 341305728 341305728 69600256 69600256
42
340627238 340627238 340627238 340627238 340627238 340627238 71297554 71297554 71297554 45758812 45758812 45758812 697456714 697456714 697456714 697456714 238264718 238264718 238264718 238264718 411764580 411764580 411764580 411764580 411764580 411764580 411764580 411764580 132096663 132096663 802803598 802803598 802803598 802803598 802803598 802803598 802803598 802803598 802803598 802803598 623420133 492981673
41
305709474 305709474 305709474 305709474 305709474 305709474 305709474 305709474 305709474 305709474 799173728 799173728 799173728 799173728 859067688 859067688 859067688 859067688 859067688 133740074 133740074 133740074 133740074 133740074 133740074 528305236 528305236 528305236 528305236 262077200 262077200 262077200 262077200 262077200 262077200 262077200 49020389 49020389 49020389 201992111 234153134
44
756854490 756854490 756854490 789639509 789639509 789639509 789639509 789639509 178290848 178290848 178290848 178290848 178290848 178290848 178290848 178290848 195919501 195919501 195919501 195919501 195919501 195919501 195919501 195919501 195919501 671266073 671266073 671266073 671266073 671266073 671266073 671266073 671266073 671266073 945014584 945014584 945014584 945014584 945014584 945014584 945014584 743176730 743176730 327141697
1
233
46
996172346 996172346 996172346 996172346 996172346 805014823 805014823 805014823 805014823 805014823 805014823 505994425 505994425 505994425 505994425 505994425 505994425 505994425 505994425 505994425 533666303 533666303 533666303 533666303 533666303 533666303 474239214 474239214 474239214 474239214 474239214 351687571 299228280 299228280 299228280 299228280 797324229 797324229 797324229 797324229 797324229 797324229 797324229 80995459 811938402 811938402
40
510779265 510779265 510779265 510779265 510779265 510779265 510779265 510779265 510779265 510779265 192272086 192272086 192272086 192272086 192272086 192272086 192272086 192272086 192272086 192272086 520489270 520489270 520489270 520489270 520489270 903409328 731866875 731866875 731866875 731866875 731866875 569788355 569788355 569788355 569788355 569788355 187251169 187251169 187251169 924202983
40
49615248 49615248 49615248 49615248 49615248 49615248 49615248 49615248 49615248 639077662 639077662 639077662 639077662 530150028 530150028 530150028 530150028 530150028 144360014 144360014 674997556 674997556 674997556 674997556 674997556 674997556 991686604 991686604 991686604 991686604 991686604 991686604 747175955 747175955 747175955 747175955 747175955 747175955 747175955 747175955
50
284145652 284145652 463347861 463347861 463347861 463347861 463347861 463347861 463347861 739225312 676314254 676314254 75478149 75478149 75478149 75478149 75478149 75478149 75478149 75478149 469260284 469260284 469260284 469260284 469260284 469260284 469260284 469260284 469260284 56186993 56186993 56186993 56186993 56186993 896193393 896193393 896193393 896193393 78184946 700945966 700945966 700945966 852428902 852428902 852428902 809899930 809899930 809899930 809899930 435239164
49
997176711 997176711 997176711 227017111 227017111 227017111 227017111 227017111 903993794 903993794 903993794 903993794 903993794 903993794 853029555 853029555 853029555 853029555 853029555 853029555 853029555 853029555 853029555 853029555 115847797 349519661 349519661 349519661 349519661 349519661 349519661 349519661 349519661 394673902 394673902 394673902 394673902 394673902 394673902 394673902 394673902 394673902 379396817 379396817 379396817 379396817 379396817 847705500 847705500
43
87938861 87938861 87938861 87938861 87938861 87938861 87938861 87938861 522196048 522196048 133421412 50982229 50982229 204339474 204339474 204339474 204339474 204339474 204339474 204339474 204339474 750910035 750910035 750910035 750910035 750910035 750910035 750910035 392911978 392911978 12236200 12236200 12236200 12236200 556540549 556540549 556540549 17237697 17237697 17237697 17237697 17237697 17237697
40
778631779 778631779 778631779 778631779 778631779 778631779 425613265 425613265 425613265 425613265 425613265 425613265 425613265 425613265 425613265 542711565 542711565 542711565 542711565 542711565 542711565 542711565 542711565 542711565 599477062 599477062 599477062 599477062 28291875 28291875 28291875 28291875 776079477 776079477 776079477 776079477 138271606 525250980 77004419 77004419
40
88012730 88012730 88012730 88012730 88012730 88012730 606070827 606070827 606070827 606070827 396109534 396109534 396109534 421322690 277432619 277432619 277432619 277432619 277432619 277432619 277432619 277432619 243406094 243406094 243406094 243406094 243406094 243406094 243406094 627120252 627120252 627120252 627120252 371280631 371280631 371280631 371280631 371280631 371280631 371280631
43
238726030 238726030 238726030 238726030 238726030 238726030 238726030 238726030 238726030 572930797 572930797 572930797 572930797 572930797 572930797 572930797 572930797 572930797 572930797 819420456 819420456 819420456 794146349 794146349 794146349 794146349 956910296 956910296 956910296 956910296 956910296 956910296 992890329 884196691 884196691 884196691 884196691 884196691 884196691 884196691 884196691 884196691 884196691
48
979553153 979553153 979553153 979553153 979553153 979553153 979553153 979553153 49686214 49686214 49686214 49686214 332716070 332716070 332716070 361407980 361407980 361407980 361407980 361407980 857001299 857001299 857001299 857001299 915449813 915449813 915449813 915449813 915449813 915449813 739388663 739388663 739388663 739388663 739388663 739388663 739388663 739388663 744912089 744912089 744912089 744912089 744912089 744912089 744912089 744912089 744912089 744912089
49
77314797 433762668 433762668 433762668 433762668 433762668 433762668 15647959 15647959 783793352 783793352 783793352 783793352 783793352 783793352 783793352 2916505 2916505 2916505 184587817 184587817 184587817 184587817 184587817 184587817 184587817 632120631 632120631 632120631 632120631 632120631 632120631 632120631 388218076 388218076 345469864 345469864 345469864 345469864 345469864 345469864 345469864 345469864 345469864 345469864 811179596 810491588 287148903 287148903
46
953632539 953632539 953632539 953632539 953632539 953632539 953632539 953632539 953632539 953632539 838017737 838017737 838017737 838017737 838017737 838017737 838017737 838017737 838017737 838017737 56276343 56276343 56276343 56276343 56276343 56276343 56276343 522143976 522143976 522143976 522143976 522143976 522143976 522143976 522143976 522143976 759018206 759018206 759018206 759018206 759018206 759018206 759018206 615723369 52383506 747207189
45
162501768 162501768 162501768 162501768 195780829 195780829 195780829 195780829 195780829 195780829 195780829 18135498 18135498 18135498 18135498 18135498 18135498 18135498 601289773 601289773 601289773 601289773 601289773 117538066 117538066 117538066 117538066 271281425 271281425 759554200 759554200 950818475 972315625 972315625 972315625 972315625 433321978 433321978 56070994 56070994 56070994 56070994 110760932 110760932 110760932
42
570501564 196440153 196440153 196440153 196440153 196440153 463299173 463299173 463299173 705476995 705476995 705476995 705476995 705476995 705476995 121199004 121199004 121199004 431536549 431536549 431536549 431536549 431536549 431536549 431536549 431536549 431536549 431536549 147420043 147420043 147420043 835040788 835040788 835040788 835040788 835040788 835040788 804898453 804898453 804898453 804898453 434666370
3
233 233 233
47
984315241 984315241 984315241 984315241 984315241 984315241 984315241 984315241 984315241 956931098 956931098 956931098 951428403 951428403 951428403 951428403 951428403 951428403 95501250 996370862 996370862 996370862 996370862 996370862 923018272 923018272 923018272 923018272 923018272 923018272 75547958 75547958 75547958 525630930 525630930 118929332 118929332 118929332 118929332 118929332 118929332 118929332 118929332 118929332 903498915 903498915 903498915
47
268539965 268539965 268539965 268539965 268539965 268539965 268539965 268539965 268539965 268539965 168874495 838430167 838430167 232220119 232220119 232220119 232220119 232220119 232220119 232220119 738579293 738579293 44695679 44695679 44695679 44695679 44695679 44695679 44695679 44695679 44695679 44695679 214549824 214549824 214549824 214549824 214549824 214549824 214549824 775013915 775013915 775013915 775013915 775013915 434164498 54341633 710329675
47
205349540 205349540 205349540 856854848 856854848 856854848 856854848 856854848 856854848 856854848 856854848 856854848 822401143 822401143 822401143 822401143 822401143 822401143 822401143 923183591 923183591 114041718 114041718 114041718 114041718 114041718 114041718 229541526 229541526 229541526 229541526 229541526 229541526 479691648 479691648 479691648 479691648 479691648 479691648 129170730 129170730 129170730 129170730 129170730 6974716 6974716 6974716
48
555050845 555050845 555050845 555050845 555050845 555050845 555050845 232378056 232378056 232378056 232378056 232378056 610465390 610465390 610465390 610465390 610465390 610465390 610465390 610465390 610465390 770347373 770347373 770347373 295452356 295452356 295452356 682585302 682585302 682585302 682585302 110664738 110664738 110664738 110664738 110664738 110664738 247687392 247687392 247687392 247687392 247687392 247687392 247687392 914398169 914398169 502040059 502040059
48
888857474 888857474 888857474 888857474 888857474 888857474 445579720 445579720 445579720 445579720 445579720 445579720 445579720 445579720 445579720 445579720 237285645 237285645 237285645 237285645 237285645 237285645 185141829 185141829 185141829 185141829 185141829 185141829 185141829 185141829 185141829 185141829 902882346 902882346 902882346 902882346 902882346 902882346 900747097 900747097 900747097 900747097 900747097 900747097 900747097 675702494 460805076 460805076
46
462105993 462105993 462105993 462105993 462105993 462105993 462105993 462105993 765440551 765440551 955325033 955325033 955325033 644410965 644410965 644410965 644410965 644410965 644410965 137403278 137403278 137403278 137403278 137403278 528253484 528253484 528253484 528253484 528253484 528253484 528253484 8426849 8426849 8426849 8426849 8426849 8426849 367024369 367024369 367024369 367024369 367024369 367024369 857857131 857857131 857857131
48
387071020 387071020 574481770 574481770 574481770 574481770 574481770 574481770 574481770 535681372 535681372 535681372 535681372 535681372 535681372 535681372 73815280 73815280 73815280 73815280 73815280 73815280 73815280 974077895 974077895 974077895 882252394 882252394 882252394 882252394 882252394 882252394 882252394 882252394 882252394 956052422 956052422 956052422 956052422 956052422 956052422 956052422 956052422 956052422 956052422 132142286 816884274 816884274
47
910356683 910356683 910356683 910356683 910356683 910356683 910356683 910356683 910356683 910356683 765599567 765599567 765599567 765599567 765599567 654712203 654712203 654712203 654712203 654712203 654712203 654712203 654712203 573181675 573181675 573181675 573181675 573181675 573181675 573181675 573181675 573181675 508756319 508756319 508756319 508756319 508756319 508756319 968101275 968101275 968101275 968101275 968101275 968101275 39511286 758047788 758047788
46
461061031 461061031 172010825 172010825 172010825 172010825 172010825 172010825 172010825 172010825 172010825 172010825 742349180 742349180 742349180 742349180 742349180 742349180 365962781 365962781 365962781 365962781 365962781 365962781 512274088 512274088 512274088 512274088 512274088 512274088 512274088 819212749 819212749 819212749 819212749 819212749 819212749 819212749 819212749 819212749 819212749 183400002 183400002 183400002 136732759 541293957
43
493770869 493770869 493770869 493770869 493770869 493770869 493770869 493770869 493770869 447188880 447188880 447188880 447188880 447188880 447188880 447188880 447188880 447188880 447188880 891073018 891073018 891073018 341088043 341088043 781422588 781422588 781422588 781422588 822106766 822106766 822106766 822106766 822106766 114331990 114331990 114331990 451416676 451416676 451416676 451416676 451416676 709538985 709538985
49
707149713 409399997 409399997 608291179 608291179 608291179 608291179 608291179 608291179 608291179 390925943 390925943 390925943 673371602 673371602 673371602 673371602 673371602 673371602 656231414 656231414 656231414 656231414 656231414 656231414 656231414 656231414 187793701 187793701 187793701 187793701 187793701 187793701 524234418 524234418 524234418 524234418 524234418 524234418 524234418 524234418 524234418 524234418 921745938 921745938 574838869 574838869 350814703 709831481
44
209776385 209776385 642360699 642360699 642360699 642360699 642360699 642360699 642360699 642360699 642360699 123722487 123722487 123722487 123722487 123722487 123722487 641721758 641721758 641721758 641721758 641721758 641721758 641721758 641721758 641721758 846772147 846772147 846772147 846772147 245665164 245665164 245665164 245665164 245665164 245665164 245665164 224128776 224128776 224128776 224128776 224128776 224128776 228663121
49
881567892 881567892 881567892 881567892 144987240 144987240 144987240 888605617 888605617 888605617 888605617 268106070 268106070 268106070 268106070 268106070 268106070 268106070 979407802 979407802 979407802 979407802 979407802 979407802 979407802 979407802 979407802 407720768 407720768 407720768 407720768 407720768 407720768 382190762 382190762 382190762 382190762 382190762 382190762 382190762 574283743 574283743 574283743 574283743 574283743 574283743 574283743 547896846 846408411
45
923608890 923608890 900562380 900562380 900562380 900562380 900562380 900562380 900562380 900562380 900562380 827241028 827241028 827241028 914050012 914050012 914050012 578377666 578377666 578377666 578377666 578377666 335072188 335072188 335072188 335072188 335072188 335072188 335072188 335072188 335072188 335072188 138659694 138659694 138659694 138659694 138659694 138659694 138659694 138659694 138659694 706916769 706916769 167983713 444656209
4
2 2 3 3
