100
4 3 12
3 2 1
1 5 2
8 1 1
3 2 30
1 2 27
3 2 1
4 1 11
2 1 2
4 1 5
8 2 2
5 10 5000
14 27 31
27 11 44
30 8 20
2000 4000 3
16 3 26
2 4 1
1 3 1
5 3 1
3 3 1
7 3 2
3 2 2
6 1 2
3 2 2
9 2 1
5 4 1
8 1 2
8 2 1
22 3 2
24 2 1
25 3 1
11 8 847
1 9 2
1 2 246
111 19 1
269 5 2
271 6 44
417 5 14
545 4 91
50 39 1
182 2 105
93 68 6
8 6 2575
18 5 1
13 6 44
61 69 1
15 4 9
289 3 63
365 2 1
185 44 5
7 5 775
44 2 82
285 2 128
747 4 3
751 2 4
759 5 3
311 1 5
13 87 2949
642 9 21
990 66 12
1014 15 294
1665 72 21
1920 57 12
1761 57 3
1128 48 141
1359 177 39
2037 102 237
2517 123 6
1782 72 84
2889 69 60
3 97 138
50 74 1
12 40 83
5 19 53
13 18 3
28 6 3
32 11 4
28 8 5
4 129 4271
304 5 308
757 79 146
834 106 14
8 64 828
44 36 87
233 28 94
312 231 13
295 71 3
584 23 7
348 39 88
212 151 12
16 16 807
13 15 7
94 9 60
138 60 28
246 10 14
261 11 33
362 3 4
203 54 5
445 15 3
448 7 6
427 10 1
462 3 7
471 16 5
257 16 1
195 7 46
514 293 15
14 15 759
26 3 5
18 13 73
138 2 2
53 12 1
151 5 1
110 14 9
81 5 13
174 2 2
176 14 1
177 8 230
396 297 1
694 4 49
612 7 14
5 33 533
27 31 2
8 24 227
445 19 33
523 8 10
15 441 2646
126 336 42
210 315 147
630 126 252
903 189 273
861 462 21
630 252 42
1428 294 63
1386 168 105
1743 294 21
1785 147 42
1827 231 63
1932 231 126
2289 252 21
1911 420 21
4 32 921
28 7 2
32 4 214
229 689 3
16 13 3213
65 3 142
333 12 10
235 10 14
426 13 6
80 4 44
471 74 5
555 13 4
180 5 7
196 7 63
752 3 2
468 14 10
732 10 5
416 11 5
378 199 50
164 57 10
10 18 1085
7 16 2
9 14 66
324 4 8
99 20 36
574 14 12
591 14 151
918 7 8
930 13 141
1074 14 11
4 24 71
11 22 3
13 20 7
51 5 20
11 6 1755
5 6 1
4 4 91
141 3 42
50 32 5
213 132 70
452 3 2
264 5 1
126 9 1
328 9 3
467 3 6
6 21 111
20 19 12
33 12 1
53 17 18
19 13 2
77 13 15
7 24 554
20 23 19
39 9 220
133 124 105
518 6 8
530 3 1
522 5 22
12 39 1095
12 35 23
25 25 5
67 15 6
78 38 115
177 80 70
332 26 18
53 38 17
154 46 24
415 18 370
1049 27 3
1060 20 35
8 47 672
51 3 54
80 79 8
64 28 75
220 71 14
340 4 2
213 20 134
483 184 5
6 47 608
39 38 39
79 24 3
37 46 240
515 27 73
602 4 6
2 65 4031
776 5 43
7 24 314
275 4 77
174 19 1
254 1 6
229 35 11
416 12 9
52 17 14
16 20 961
104 5 2
68 19 31
259 15 4
263 8 84
298 19 20
414 9 31
347 78 50
315 10 9
338 13 12
199 13 10
182 15 6
614 13 51
916 8 19
943 2 1
366 2 17
9 37 1928
7 33 18
40 28 3
21 23 324
334 334 24
522 75 9
191 30 85
816 92 9
923 33 9
11 12 1008
5 8 248
200 44 20
365 9 4
272 7 7
381 11 8
138 11 104
773 8 1
376 11 6
475 9 54
1003 7 5
11 30 3857
21 31 57
60 131 4
70 21 18
89 11 5
245 23 225
645 26 1
647 25 5
602 7 10
641 19 43
698 58 6
14 36 1947
30 9 24
54 18 57
78 282 9
369 15 198
783 15 369
618 63 123
378 69 3
1269 51 9
1026 165 9
1530 30 6
1647 30 3
1110 42 171
1929 33 18
16 32 4032
24 16 192
200 152 64
648 16 8
656 32 616
1240 1160 152
2792 32 16
2216 64 24
1280 144 16
1248 16 8
616 24 64
1640 720 8
3528 24 8
3840 32 16
3384 40 312
360 224 24
5 44 284
30 40 19
18 32 22
74 25 40
29 29 39
6 26 469
13 24 1
8 24 3
41 8 304
333 464 7
805 25 12
2 143 153
54 98 91
2 69 3885
59 59 14
11 25 3806
11 15 9
7 3 94
54 46 1
147 8 27
137 18 5
87 22 8
142 23 9
222 15 2
188 18 45
251 314 3
9 264 1230
102 192 54
270 96 30
312 126 36
84 282 12
204 174 36
156 372 66
660 108 24
474 264 210
13 31 768
24 25 3
146 30 2
148 14 58
218 18 1
75 16 94
67 29 1
297 8 11
277 25 13
369 12 54
409 283 8
700 11 6
747 12 21
12 31 731
10 24 7
1 35 101
211 4 3
214 16 143
356 33 15
426 17 7
433 16 50
497 27 3
505 4 163
676 18 11
619 18 4
15 4 32
2 4 2
4 2 3
5 1 2
1 1 1
9 2 2
4 3 2
15 4 1
16 4 1
13 5 1
20 4 1
8 2 2
24 2 1
10 3 2
27 3 4
2 21 2803
328 4 20
4 31 844
27 23 248
250 523 19
55 7 31
15 5 37
4 2 1
1 4 4
5 4 1
6 4 2
12 5 2
11 5 1
19 2 2
15 1 1
23 2 2
20 5 1
26 4 1
13 4 1
31 2 2
14 4 2
15 32 2210
102 8 2
328 26 2
340 20 40
448 14 56
128 8 14
534 28 6
544 16 252
620 76 24
862 10 8
322 14 2
884 22 602
1546 30 258
2112 24 78
2192 10 18
7 7 2420
5 4 40
40 119 147
139 81 202
717 4 1
718 6 39
535 216 5
10 33 704
51 3 3
123 14 109
252 22 1
254 12 142
65 53 5
74 34 27
558 19 3
430 24 83
698 19 6
9 17 626
1 17 73
159 10 16
175 8 94
298 10 4
306 14 2
312 9 146
442 159 4
611 17 15
16 25 596
3 24 9
7 5 9
17 4 5
34 24 31
125 9 2
134 17 4
42 6 22
212 2 7
223 10 83
423 5 8
193 8 92
186 41 9
250 20 6
177 21 2
586 5 10
10 37 173
26 13 17
53 18 1
61 37 8
48 11 12
87 16 2
53 18 1
94 14 1
62 34 23
86 35 34
16 470 3713
235 470 94
188 141 94
141 611 141
423 564 47
376 235 47
517 329 188
470 282 141
1316 564 47
940 329 235
2162 376 47
1034 141 47
2397 94 47
376 282 282
1645 329 47
2068 564 329
14 7 634
2 6 1
1 2 5
8 4 36
179 4 3
57 30 45
244 7 23
324 5 5
27 20 56
485 7 2
323 2 87
614 5 11
138 1 2
565 7 6
12 23 503
9 21 216
303 4 3
155 23 9
57 10 1
377 21 32
490 18 8
341 47 5
536 19 5
212 10 2
433 30 14
548 13 14
4 112 597
28 101 27
98 89 195
247 127 96
5 260 660
65 210 20
10 120 150
285 35 20
105 235 145
8 21 536
12 15 146
311 12 11
405 3 6
263 11 24
356 66 8
196 28 6
512 3 17
16 50 3025
15 40 5
60 35 1005
1090 50 25
1135 15 5
305 45 5
1165 40 325
965 500 15
1095 120 20
2160 25 5
2190 20 175
1415 45 5
10 10 225
2730 25 35
2765 10 80
2980 50 45
12 27 691
25 7 4
32 14 24
274 6 1
84 8 79
119 35 1
366 10 178
593 23 35
656 22 5
670 6 8
486 28 2
684 9 7
12 23 102
1 24 1
1 3 2
13 7 1
9 6 7
24 10 5
44 22 7
55 7 4
61 15 4
63 8 5
78 16 7
88 16 14
6 10 797
9 9 3
110 8 238
199 47 4
187 9 312
788 5 9
16 14 571
10 5 2
7 19 5
23 7 39
118 12 1
123 12 4
56 19 7
92 6 190
122 34 32
348 32 11
305 117 8
643 4 1
649 7 14
521 32 7
694 2 7
519 13 12
2 76 1188
2 76 24
16 33 1764
36 15 33
42 42 3
87 33 15
111 9 3
117 30 9
147 15 63
186 681 3
450 6 9
879 9 12
897 15 15
348 24 138
1272 33 6
1302 27 15
1413 18 144
1164 195 15
16 15 413
6 13 77
155 3 3
158 6 61
204 57 12
216 11 46
214 11 4
309 7 3
348 3 1
350 11 37
374 284 3
316 6 4
669 9 7
484 6 8
666 11 15
617 81 12
10 10 4554
30 5 2
25 11 358
139 3 21
327 81 1
490 10 1
491 8 8
375 59 9
253 20 20
454 33 6
14 15 617
8 16 3
15 5 2
20 2 5
25 7 105
332 14 24
64 22 1
470 11 1
40 16 2
194 5 1
471 16 102
141 8 7
176 7 8
371 13 12
8 62 1229
124 4 289
362 123 3
506 59 248
862 24 4
308 56 4
874 28 168
1147 38 11
7 29 2278
51 3 83
142 16 28
144 18 31
211 16 6
121 15 716
1041 7 20
11 7 1118
4 7 66
380 5 25
203 198 2
101 4 1
89 2 3
589 10 4
109 1 2
616 5 69
679 432 1
1113 5 5
12 82 2290
80 44 52
70 178 44
412 16 50
344 40 16
206 50 24
558 62 318
352 246 416
1478 108 146
1900 16 6
178 18 62
102 18 14
9 10 738
6 10 1
10 10 2
14 8 1
6 10 1
19 7 414
432 299 4
735 7 2
365 3 1
13 13 511
2 12 1
1 3 62
71 9 1
57 3 5
58 10 52
251 8 3
219 9 1
265 12 1
87 7 143
410 74 1
106 9 1
499 5 12
10 3 962
2 3 2
2 1 1
1 1 53
56 278 1
335 2 105
439 131 10
471 18 71
676 3 270
961 3 1
13 9 541
40 5 13
29 18 1
85 6 1
87 2 1
46 4 3
94 9 93
519 2 3
50 7 1
527 3 1
216 8 5
125 10 1
197 10 4
12 28 597
9 22 1
11 12 120
127 132 1
265 24 1
199 2 7
279 27 200
224 57 13
390 12 5
488 16 5
541 27 36
76 26 1
14 144 3015
135 63 54
234 90 837
1008 279 18
297 144 108
702 621 36
1998 36 9
2007 63 18
2079 72 450
2205 315 198
1845 1134 18
2160 126 126
3582 72 36
1386 45 72
6 20 464
1 21 8
13 13 133
303 3 1
232 8 85
114 67 15
15 14 94
5 10 1
5 4 1
5 2 2
13 12 3
11 8 3
16 11 8
13 6 6
48 9 3
51 3 5
33 12 2
62 2 1
58 7 1
75 13 2
18 7 2
6 1075 4343
301 860 129
516 602 430
301 1161 215
1548 559 43
3096 387 1032
2 3 7
2 4 2
13 27 4041
873 45 54
963 18 9
972 27 9
792 18 99
1359 18 18
918 9 9
1395 18 945
1161 576 18
1629 9 207
3096 756 81
4005 27 18
1755 18 18
12 23 585
1 23 197
256 16 2
114 35 5
319 16 1
333 4 13
347 19 9
84 22 2
246 12 104
394 37 12
199 37 5
545 18 4
10 16 574
143 2 9
139 127 1
75 12 24
195 42 61
395 13 7
402 8 12
495 7 3
296 1 35
66 46 2
15 9 72
3 9 2
2 4 2
5 4 1
11 8 2
8 11 3
13 11 4
10 6 3
35 8 6
43 6 2
30 4 1
21 9 2
26 6 3
57 2 2
23 9 7
15 21 102
4 22 3
5 4 1
6 7 3
29 5 1
20 10 1
42 16 2
46 11 5
52 9 2
58 4 2
60 8 1
69 2 1
70 18 10
66 12 6
81 17 4
13 27 845
4 27 2
9 3 10
33 16 356
124 36 5
36 33 3
99 30 1
465 20 99
543 116 10
682 26 12
695 8 11
192 35 88
829 13 16
13 9 982
2 10 193
168 19 105
365 4 1
152 5 2
369 5 1
241 7 260
121 36 4
336 10 33
694 60 1
755 5 3
689 10 204
977 9 5
3 4 140
133 5 2
59 2 3
12 76 3344
48 40 256
264 104 212
688 72 8
620 92 12
444 40 32
148 56 980
1844 40 632
2476 48 28
288 64 256
1372 224 12
576 28 68
14 13 654
41 2 43
158 8 6
146 6 9
177 6 10
99 15 4
117 6 42
280 2 2
48 13 2
25 13 62
284 25 29
598 12 5
606 2 12
265 43 2
7 22 77
4 23 7
13 14 2
1 17 2
25 20 8
21 6 1
35 13 17
7 14 805
9 14 343
296 42 9
294 14 361
133 38 3
129 20 1
797 11 8
16 17 2908
18 4 213
224 17 3
237 32 2
136 17 18
55 37 2
99 10 3
183 25 6
71 13 2
133 98 10
160 9 78
471 32 16
181 20 4
412 8 7
571 47 2
632 12 2
12 22 379
4 21 43
111 14 24
121 109 11
242 7 1
245 3 85
344 19 2
115 21 4
158 29 5
371 8 61
340 80 2
511 19 18
12 13 785
10 13 9
19 6 131
63 16 23
108 71 1
104 5 63
402 8 3
378 12 138
573 5 9
585 2 3
340 12 76
772 7 13
12 22 391
3 21 48
179 19 8
73 23 1
189 16 1
191 2 30
217 47 1
265 16 134
126 85 3
486 8 2
262 6 2
442 14 6
5 6 615
3 6 1
3 4 1
4 4 137
610 5 5
